2016.11894977 0.0518806744488
2016.08881279 0.0518806744488
2015.87442922 0.101265822785
2015.86894977 0.0671140939597
2015.61073059 0.0670016750419
2015.5109589 0.073664825046
2015.50547945 0.130293159609
2015.50547945 0.0921658986175
2015.50547945 0.333333333333
2015.50547945 0.240963855422
2015.49063927 0.104438642298
2015.49063927 0.157480314961
2015.35525114 0.152671755725
2014.39908676 0.0911161731207
2013.79657534 0.0813008130081
2013.79657534 0.0902934537246
2013.79657534 0.0904977375566
2013.78287671 0.165289256198
2013.78287671 0.347826086957
2013.78287671 0.347826086957
2013.78287671 0.336134453782
2013.78287671 0.336134453782
2013.78013699 0.084388185654
2013.73242009 0.140845070423
2013.73242009 0.275862068966
2013.47146119 0.084388185654
2013.47146119 0.0845665961945
2013.32123288 0.081466395112
2013.32123288 0.0833333333333
2013.09155251 0.075329566855
2013.09155251 0.111420612813
2013.09155251 0.120481927711
2012.70502283 0.0806451612903
2012.27191781 0.384615384615
2011.99611872 0.15503875969
2011.77191781 0.0849256900212
2011.57671233 0.0632911392405
2011.57671233 0.0858369098712
2011.57671233 0.130293159609
2011.57671233 0.25974025974
2011.51643836 0.138408304498
2011.34703196 0.149253731343
2010.96050228 0.123076923077
2010.89908676 0.117994100295
2010.67762557 0.17094017094
2010.5739726 0.119047619048
2010.41004566 0.125786163522
2010.18858447 0.223463687151
2010.18858447 0.0718132854578
2010.18858447 0.0968523002421
2010.18858447 0.053547523427
2010.10251142 0.232558139535
2009.89634703 0.421052631579
2009.89634703 0.330578512397
2009.86621005 0.0557880055788
2009.86621005 0.222222222222
2009.85251142 0.056258790436
2009.84977169 0.0824742268041
2009.69406393 0.148698884758
2009.50821918 0.178571428571
2009.44680365 0.180995475113
2009.33607306 0.20202020202
2009.25273973 0.231213872832
2009.25273973 0.231213872832
2009.21872146 0.0987654320988
2009.21872146 0.217391304348
2009.21872146 0.208333333333
2009.21872146 0.430107526882
2009.17214612 0.0462962962963
2008.89908676 0.224719101124
2008.81849315 0.108401084011
2008.62990868 0.366972477064
2008.62990868 0.261437908497
2008.62990868 0.242424242424
2008.62990868 0.283687943262
2008.62990868 0.296296296296
2008.49885845 0.13201320132
2008.45776256 0.0568181818182
2008.41940639 0.0327868852459
2008.35251142 0.135135135135
2008.35251142 0.314960629921
2008.16278539 0.493827160494
2008.09155251 0.421052631579
2007.93310502 0.12084592145
2007.9303653 0.122699386503
2007.92762557 0.242424242424
2007.92762557 0.261437908497
2007.91552511 0.19512195122
2007.81849315 0.0824742268041
2007.81849315 0.162601626016
2007.81849315 0.25641025641
2007.81849315 0.29197080292
2007.81849315 0.3125
2007.81849315 0.357142857143
2007.51917808 0.43956043956
2007.51917808 0.869565217391
2007.37990868 0.0692041522491
2007.37990868 0.0956937799043
2007.37990868 0.148698884758
2007.37990868 0.300751879699
2007.37990868 0.121951219512
2007.37990868 0.103092783505
2007.37990868 0.126582278481
2007.37990868 0.0919540229885
2007.37990868 0.0923787528868
2007.37990868 0.0923787528868
2007.37990868 0.109289617486
2007.37990868 0.113314447592
2007.37990868 0.0919540229885
2007.37990868 0.0923787528868
2007.27465753 0.294117647059
2007.27465753 0.588235294118
2007.20228311 0.43956043956
2007.20228311 0.434782608696
2007.18310502 0.287769784173
2007.15456621 0.173913043478
2006.81849315 0.165289256198
2006.80753425 0.43956043956
2006.80753425 0.434782608696
2006.80753425 0.104438642298
2006.80753425 0.104438642298
2006.80753425 0.104438642298
2006.80753425 0.104712041885
2006.76917808 0.283687943262
2006.68858447 0.091533180778
2006.64634703 0.307692307692
2006.64634703 0.184331797235
2006.64634703 0.175438596491
2006.6216895 0.104712041885
2006.6216895 0.104712041885
2006.6216895 0.104166666667
2006.61073059 0.330578512397
2006.57945205 0.377358490566
2006.30753425 0.15873015873
2006.30753425 0.15873015873
2006.30753425 0.15873015873
2006.30753425 0.15873015873
2006.30753425 0.156862745098
2006.30753425 0.158102766798
2006.30753425 0.158102766798
2006.29109589 0.338983050847
2006.19954338 0.203045685279
2006.19954338 0.212765957447
2006.19954338 0.689655172414
2006.19954338 0.714285714286
2006.19954338 0.353982300885
2006.19954338 0.353982300885
2006.18858447 0.150943396226
2005.84155251 0.19512195122
2005.84155251 0.18018018018
2005.84155251 0.336134453782
2005.84155251 0.3125
2005.84155251 0.338983050847
2005.84155251 0.31746031746
2005.84155251 0.34188034188
2005.84155251 0.289855072464
2005.82671233 0.412371134021
2005.82671233 0.434782608696
2005.82671233 0.416666666667
2005.82671233 0.425531914894
2005.82671233 0.215053763441
2005.82671233 0.231213872832
2005.82671233 0.266666666667
2005.82671233 0.266666666667
2005.82671233 0.263157894737
2005.82671233 0.25641025641
2005.82671233 0.275862068966
2005.82671233 0.272108843537
2005.82671233 0.27027027027
2005.6913242 0.29197080292
2005.6913242 0.222222222222
2005.60525114 0.27027027027
2005.51643836 0.231213872832
2005.51643836 0.228571428571
2005.51643836 0.412371134021
2005.51643836 0.416666666667
2005.4413242 0.540540540541
2005.36347032 0.220994475138
2005.28013699 0.18779342723
2005.28013699 0.162601626016
2005.23242009 0.459770114943
2005.23242009 0.34188034188
2005.20502283 0.248447204969
2005.20502283 0.350877192982
2005.20502283 0.39603960396
2005.20502283 0.470588235294
2005.20502283 0.416666666667
2005.19680365 0.167364016736
2005.19680365 0.149812734082
2005.17762557 0.533333333333
2005.17762557 0.454545454545
2005.17762557 0.493827160494
2005.17762557 0.5
2005.1326484 0.157480314961
2005.12716895 0.1108033241
2005.06027397 0.17094017094
2005.04657534 0.287769784173
2005.04657534 0.29197080292
2005.03013699 0.186046511628
2005.02739726 0.258064516129
2005.02739726 0.238095238095
2004.93858447 0.307692307692
2004.93858447 0.314960629921
2004.93858447 0.392156862745
2004.92214612 0.179372197309
2004.92214612 0.178571428571
2004.89086758 0.225988700565
2004.84429224 0.193236714976
2004.84429224 0.175438596491
2004.84429224 0.223463687151
2004.84429224 0.203045685279
2004.78287671 0.166666666667
2004.78287671 0.142857142857
2004.69680365 1.29032258065
2004.69406393 0.506329113924
2004.61894977 0.186046511628
2004.61894977 0.181818181818
2004.61894977 0.353982300885
2004.61894977 0.296296296296
2004.61894977 0.430107526882
2004.61894977 0.31746031746
2004.61894977 0.170212765957
2004.61894977 0.15503875969
2004.61894977 0.17094017094
2004.61894977 0.161943319838
2004.58881279 0.158102766798
2004.54931507 1.37931034483
2004.54931507 1.37931034483
2004.54931507 1.33333333333
2004.54931507 1.37931034483
2004.54931507 1.37931034483
2004.54931507 1.37931034483
2004.54931507 1.33333333333
2004.54931507 1.33333333333
2004.54931507 1.37931034483
2004.54931507 1.37931034483
2004.54931507 1.33333333333
2004.54931507 1.37931034483
2004.54931507 1.37931034483
2004.54657534 0.384615384615
2004.54109589 0.519480519481
2004.44680365 0.191387559809
2004.43584475 0.327868852459
2004.41552511 0.109589041096
2004.41552511 0.213903743316
2004.41552511 0.109589041096
2004.41552511 0.109289617486
2004.41552511 0.213903743316
2004.41004566 0.30534351145
2004.32671233 0.172413793103
2004.32671233 0.112044817927
2004.24063927 0.176991150442
2004.22146119 0.125786163522
2004.22146119 0.123839009288
2004.22146119 0.121212121212
2004.22146119 0.118343195266
2004.22146119 0.116618075802
2004.22146119 0.114285714286
2004.22146119 0.115273775216
2004.19406393 0.030935808198
2004.19406393 0.0597014925373
2004.19406393 0.135593220339
2004.19406393 0.0688468158348
2004.19406393 0.0796812749004
2004.19406393 0.04158004158
2004.19406393 0.0835073068894
2004.19406393 0.0655737704918
2004.15456621 0.1393728223
2004.11347032 0.064308681672
2004.11347032 0.110192837466
2004.0109589 0.275862068966
2004.0109589 0.34188034188
2004.0109589 0.357142857143
2004.0109589 0.31746031746
2004.0109589 0.327868852459
2003.98789954 0.242424242424
2003.95228311 0.16393442623
2003.9303653 0.833333333333
2003.9303653 0.93023255814
2003.92488584 0.106951871658
2003.92488584 0.107238605898
2003.92488584 0.107238605898
2003.83881279 2.0
2003.83881279 2.0
2003.83881279 1.53846153846
2003.83881279 2.0
2003.83881279 1.90476190476
2003.83881279 2.0
2003.82945205 0.183486238532
2003.81027397 0.109589041096
2003.81027397 0.10989010989
2003.81027397 0.10989010989
2003.79657534 0.300751879699
2003.78013699 0.27397260274
2003.75821918 0.388349514563
2003.73515982 0.18779342723
2003.71872146 1.29032258065
2003.71872146 1.21212121212
2003.70502283 0.245398773006
2003.68584475 0.0631911532385
2003.68584475 0.384615384615
2003.6216895 0.314960629921
2003.60251142 0.158102766798
2003.60251142 0.30534351145
2003.49063927 0.220994475138
2003.49063927 0.366972477064
2003.47968037 0.191387559809
2003.47968037 0.13201320132
2003.43584475 0.272108843537
2003.43310502 0.135135135135
2003.43310502 0.0943396226415
2003.43310502 0.205128205128
2003.43310502 0.157480314961
2003.30753425 0.136054421769
2003.14634703 1.37931034483
2003.14634703 1.37931034483
2003.14634703 1.37931034483
2003.14634703 1.37931034483
2003.14634703 1.37931034483
2003.14634703 1.37931034483
2003.14634703 1.37931034483
2003.14634703 1.37931034483
2003.14634703 1.37931034483
2003.14634703 1.37931034483
2003.14634703 1.37931034483
2003.14634703 1.37931034483
2003.14360731 0.081799591002
2003.1326484 0.117994100295
2003.11894977 0.227272727273
2003.10251142 0.243902439024
2003.10251142 0.243902439024
2003.10251142 0.243902439024
2002.95776256 0.0399201596806
2002.95228311 0.12987012987
2002.95228311 0.421052631579
2002.95228311 0.194174757282
2002.95228311 0.183486238532
2002.94954338 0.227272727273
2002.94954338 0.16
2002.94954338 0.268456375839
2002.94954338 0.384615384615
2002.94954338 0.111731843575
2002.94954338 0.0787401574803
2002.93584475 0.506329113924
2002.87716895 0.199004975124
2002.87716895 1.66666666667
2002.87716895 2.0
2002.87716895 2.0
2002.87716895 2.0
2002.86894977 0.201005025126
2002.84703196 0.201005025126
2002.79657534 0.0945626477541
2002.79657534 0.181818181818
2002.75547945 0.20202020202
2002.75547945 0.238095238095
2002.75547945 0.17316017316
2002.75547945 0.285714285714
2002.75547945 0.30303030303
2002.6913242 0.16393442623
2002.6913242 0.384615384615
2002.6913242 0.0785854616896
2002.6913242 0.105540897098
2002.6913242 0.0674536256324
2002.6913242 0.132890365449
2002.65182648 0.338983050847
2002.65182648 0.119760479042
2002.63538813 0.180995475113
2002.55205479 0.155642023346
2002.45502283 0.0552486187845
2002.43858447 0.159362549801
2002.43858447 0.168067226891
2002.3826484 0.677966101695
2002.3826484 0.701754385965
2002.3826484 0.298507462687
2002.3826484 0.384615384615
2002.3826484 0.714285714286
2002.3826484 0.526315789474
2002.3826484 0.714285714286
2002.36621005 0.0968523002421
2002.36621005 0.15037593985
2002.35525114 0.388349514563
2002.23789954 0.0682593856655
2002.23789954 0.0690846286701
2002.22694064 0.430107526882
2002.1803653 0.277777777778
2002.14360731 0.185185185185
2002.14360731 0.201005025126
2002.14360731 0.19801980198
2001.99611872 0.159362549801
2001.94680365 0.0766283524904
2001.94680365 0.120481927711
2001.93310502 0.118343195266
2001.91552511 0.223463687151
2001.91552511 0.357142857143
2001.91552511 0.493827160494
2001.90182648 0.109589041096
2001.90182648 0.176991150442
2001.80753425 0.0690846286701
2001.80753425 0.070796460177
2001.80753425 0.0715563506261
2001.79657534 0.210526315789
2001.78013699 0.117994100295
2001.78013699 0.0921658986175
2001.78013699 0.168067226891
2001.78013699 0.143369175627
2001.74885845 0.089485458613
2001.74885845 0.128617363344
2001.74885845 0.136518771331
2001.71050228 0.196078431373
2001.68584475 0.10989010989
2001.68584475 0.120481927711
2001.68584475 0.121212121212
2001.68584475 0.0875273522976
2001.68584475 0.0947867298578
2001.68584475 0.0961538461538
2001.68584475 0.130293159609
2001.68584475 0.103896103896
2001.68584475 0.103092783505
2001.68584475 0.109289617486
2001.68584475 0.104438642298
2001.68584475 0.116618075802
2001.68584475 0.130718954248
2001.62990868 0.181818181818
2001.62990868 0.188679245283
2001.62990868 0.180995475113
2001.62990868 0.18018018018
2001.62990868 0.285714285714
2001.61894977 0.133333333333
2001.61894977 0.0997506234414
2001.47968037 0.21978021978
2001.46872146 0.0945626477541
2001.46872146 0.0947867298578
2001.46872146 0.0970873786408
2001.46598174 0.165975103734
2001.46324201 0.188679245283
2001.46324201 0.19512195122
2001.45502283 0.181818181818
2001.45502283 0.181818181818
2001.45502283 0.185185185185
2001.45502283 0.181818181818
2001.40730594 0.277777777778
2001.40730594 0.384615384615
2001.40456621 0.191387559809
2001.40456621 0.289855072464
2001.40456621 0.430107526882
2001.40182648 0.13986013986
2001.3826484 0.506329113924
2001.25273973 0.37037037037
2001.23789954 0.357142857143
2001.21050228 0.377358490566
2001.1803653 0.171673819742
2001.16826484 0.0763358778626
2001.16826484 0.408163265306
2001.16826484 2.0
2001.0630137 0.281690140845
2001.0630137 0.277777777778
2001.05753425 0.21164021164
2001.05753425 0.21164021164
2001.0109589 0.21978021978
2000.99063927 0.229885057471
2000.99063927 0.180995475113
2000.99063927 0.229885057471
2000.96872146 0.296296296296
2000.74885845 0.347826086957
2000.73515982 0.245398773006
2000.73515982 0.261437908497
2000.73515982 0.25
2000.73515982 0.245398773006
2000.73515982 0.245398773006
2000.73515982 0.246913580247
2000.60799087 1.81818181818
2000.60799087 2.10526315789
2000.60525114 0.336134453782
2000.60525114 0.285714285714
2000.60525114 0.253164556962
2000.60525114 0.145454545455
2000.57671233 0.416666666667
2000.56027397 0.264900662252
2000.56027397 0.366972477064
2000.54383562 0.21978021978
2000.54383562 0.34188034188
2000.54383562 0.222222222222
2000.54383562 0.344827586207
2000.54383562 0.5
2000.52739726 0.20618556701
2000.5109589 0.16393442623
2000.5109589 0.183486238532
2000.5109589 0.233918128655
2000.49885845 0.178571428571
2000.47968037 0.975609756098
2000.47968037 1.02564102564
2000.47968037 0.322580645161
2000.47968037 1.05263157895
2000.47968037 0.634920634921
2000.47968037 0.78431372549
2000.46050228 0.218579234973
2000.46050228 0.218579234973
2000.42762557 1.42857142857
2000.42762557 0.232558139535
2000.42762557 0.232558139535
2000.42762557 0.231213872832
2000.42762557 0.232558139535
2000.42762557 0.232558139535
2000.42762557 0.232558139535
2000.42762557 0.232558139535
2000.42762557 0.232558139535
2000.42762557 0.232558139535
2000.42762557 0.232558139535
2000.40182648 0.104166666667
2000.39908676 0.363636363636
2000.33881279 0.31007751938
2000.31849315 0.153846153846
2000.31575342 0.12539184953
2000.31027397 0.217391304348
2000.31027397 0.275862068966
2000.243379 0.31007751938
2000.243379 0.173913043478
2000.243379 0.18779342723
2000.18858447 0.300751879699
2000.16940639 0.0750469043152
2000.16940639 0.0851063829787
2000.16940639 0.0524934383202
2000.16940639 0.0869565217391
2000.16940639 0.0459242250287
2000.16940639 0.0275862068966
2000.16940639 0.0309837335399
2000.16940639 0.045197740113
2000.16940639 0.0852878464819
2000.04657534 0.227272727273
2000.04657534 0.227272727273
2000.03013699 0.0162469536962
2000.01917808 2.85714285714
2000.01917808 2.85714285714
2000.01917808 3.07692307692
2000.01917808 2.22222222222
2000.01917808 3.07692307692
1999.97420091 0.353982300885
1999.92488584 0.347826086957
1999.92488584 0.487804878049
1999.91278539 0.208333333333
1999.91004566 0.204081632653
1999.90730594 0.37037037037
1999.90730594 0.373831775701
1999.90730594 0.34188034188
1999.90182648 0.347826086957
1999.90182648 0.434782608696
1999.90182648 0.519480519481
1999.90182648 0.533333333333
1999.8716895 0.388349514563
1999.86621005 0.272108843537
1999.86621005 0.307692307692
1999.86621005 0.327868852459
1999.86621005 0.344827586207
1999.70228311 0.177777777778
1999.70228311 0.164609053498
1999.70228311 0.152091254753
1999.70228311 0.15873015873
1999.70228311 0.18018018018
1999.56849315 0.0863930885529
1999.54931507 0.0941176470588
1999.54931507 0.101265822785
1999.54931507 0.108991825613
1999.54931507 0.0840336134454
1999.53013699 0.0985221674877
1999.53013699 0.123076923077
1999.53013699 0.13468013468
1999.53013699 0.142857142857
1999.53013699 0.0743494423792
1999.53013699 0.0773694390716
1999.53013699 0.0787401574803
1999.53013699 0.185185185185
1999.50273973 0.184331797235
1999.50273973 0.175438596491
1999.50273973 0.177777777778
1999.50273973 0.172413793103
1999.50273973 0.176211453744
1999.50273973 0.189573459716
1999.50273973 0.173913043478
1999.50273973 0.322580645161
1999.48789954 0.481927710843
1999.48242009 0.481927710843
1999.46872146 0.0681431005111
1999.46872146 0.615384615385
1999.44954338 0.10101010101
1999.44954338 0.238095238095
1999.44954338 0.035746201966
1999.41004566 0.373831775701
1999.38538813 0.27397260274
1999.29383562 0.20618556701
1999.29383562 0.380952380952
1999.25547945 0.192307692308
1999.10251142 0.666666666667
1998.99611872 0.177777777778
1998.99611872 0.229885057471
1998.91004566 0.388349514563
1998.90730594 0.392156862745
1998.88538813 0.130293159609
1998.88538813 0.248447204969
1998.85525114 0.689655172414
1998.58219178 0.2
1998.58219178 0.2
1998.50821918 0.177777777778
1998.46598174 1.81818181818
1998.43310502 0.388349514563
1998.41552511 0.39603960396
1998.39908676 0.366972477064
1998.37990868 0.689655172414
1998.35799087 0.171673819742
1998.31575342 0.3125
1998.30205479 0.189573459716
1998.28287671 1.37931034483
1998.21050228 0.34188034188
1998.21050228 0.377358490566
1998.21050228 0.34188034188
1998.21050228 0.357142857143
1998.21050228 0.327868852459
1998.21050228 0.20725388601
1998.21050228 0.192307692308
1998.21050228 0.196078431373
1998.21050228 0.21164021164
1998.21050228 0.212765957447
1998.21050228 0.205128205128
1998.21050228 0.357142857143
1998.19954338 0.125
1998.04931507 0.103359173127
1998.04931507 0.25
1998.04931507 0.137457044674
1998.00273973 0.3125
1997.93858447 0.29197080292
1997.91940639 0.330578512397
1997.84977169 0.377358490566
1997.7609589 0.12012012012
1997.743379 0.366972477064
1997.70776256 0.174672489083
1997.58219178 0.229885057471
1997.52739726 4.0
1997.52739726 4.0
1997.52739726 3.33333333333
1997.52739726 3.63636363636
1997.52739726 4.0
1997.52739726 4.0
1997.52739726 4.0
1997.49885845 0.30303030303
1997.49885845 0.454545454545
1997.48789954 0.108991825613
1997.48789954 0.0977995110024
1997.48789954 0.10752688172
1997.48789954 0.102827763496
1997.48789954 0.111111111111
1997.48789954 0.412371134021
1997.47694064 0.816326530612
1997.47694064 0.833333333333
1997.42488584 0.816326530612
1997.39908676 0.20202020202
1997.3826484 0.43956043956
1997.3826484 0.31007751938
1997.3826484 0.296296296296
1997.3826484 0.287769784173
1997.3826484 0.31007751938
1997.3826484 0.298507462687
1997.3826484 0.27397260274
1997.3826484 0.31007751938
1997.3826484 0.307692307692
1997.3826484 0.281690140845
1997.3826484 0.314960629921
1997.37990868 0.155642023346
1997.37990868 0.189573459716
1997.37990868 0.20725388601
1997.37990868 0.251572327044
1997.37990868 0.235294117647
1997.37990868 0.236686390533
1997.37990868 0.275862068966
1997.37990868 0.18779342723
1997.37990868 0.2
1997.37990868 0.222222222222
1997.37990868 0.233918128655
1997.37990868 0.268456375839
1997.37990868 0.153846153846
1997.37990868 0.176211453744
1997.37990868 0.261437908497
1997.37990868 0.380952380952
1997.37990868 0.56338028169
1997.35251142 0.634920634921
1997.34429224 0.118343195266
1997.34429224 0.100250626566
1997.19680365 0.25
1997.19406393 0.197044334975
1997.16552511 0.263157894737
1997.16552511 0.160642570281
1997.16552511 0.176991150442
1997.16552511 0.19512195122
1997.16552511 0.215053763441
1997.16552511 0.222222222222
1997.16552511 0.243902439024
1997.16552511 0.246913580247
1997.16552511 0.263157894737
1997.16552511 0.193236714976
1997.16552511 0.114285714286
1997.16552511 0.127388535032
1997.16552511 0.143884892086
1997.16552511 0.155642023346
1997.16552511 0.161943319838
1997.16552511 0.179372197309
1997.16552511 0.181818181818
1997.16552511 0.20202020202
1997.16552511 0.246913580247
1997.14086758 0.0625
1997.09703196 0.31007751938
1997.09703196 0.449438202247
1997.08493151 0.149812734082
1997.04383562 0.281690140845
1997.02739726 0.177777777778
1997.02465753 0.0952380952381
1997.01917808 0.168067226891
1996.98789954 0.727272727273
1996.98789954 0.5
1996.98789954 0.177777777778
1996.98789954 0.132890365449
1996.97968037 0.336134453782
1996.97420091 3.33333333333
1996.97420091 3.63636363636
1996.97420091 3.07692307692
1996.97420091 3.33333333333
1996.97420091 3.63636363636
1996.97420091 3.33333333333
1996.97420091 3.63636363636
1996.97146119 0.254777070064
1996.91004566 0.147058823529
1996.91004566 0.470588235294
1996.89360731 0.314960629921
1996.89086758 0.152671755725
1996.89086758 0.210526315789
1996.85251142 0.248447204969
1996.85251142 0.39603960396
1996.85251142 0.377358490566
1996.85251142 0.412371134021
1996.85251142 0.392156862745
1996.85251142 0.268456375839
1996.85251142 0.298507462687
1996.85251142 0.27972027972
1996.85251142 0.261437908497
1996.85251142 0.27397260274
1996.85251142 0.268456375839
1996.85251142 0.268456375839
1996.85251142 0.264900662252
1996.85251142 0.268456375839
1996.85251142 0.408163265306
1996.84155251 0.128205128205
1996.84155251 0.142857142857
1996.84155251 0.0811359026369
1996.79383562 0.143369175627
1996.79383562 0.165289256198
1996.79383562 0.18691588785
1996.79383562 0.205128205128
1996.79383562 0.223463687151
1996.79383562 0.248447204969
1996.72968037 0.32
1996.71050228 0.3125
1996.65730594 0.152091254753
1996.56849315 3.63636363636
1996.56849315 3.63636363636
1996.53561644 0.1108033241
1996.50821918 0.121580547112
1996.50821918 0.129032258065
1996.50821918 0.137457044674
1996.50821918 0.14598540146
1996.50821918 0.15503875969
1996.50821918 0.16393442623
1996.50821918 0.186046511628
1996.48242009 0.0982800982801
1996.48242009 0.0982800982801
1996.48242009 0.0956937799043
1996.4413242 0.416666666667
1996.43310502 0.140845070423
1996.43310502 0.0845665961945
1996.43310502 0.123076923077
1996.43310502 0.167364016736
1996.43310502 0.164609053498
1996.43310502 0.251572327044
1996.43310502 0.0936768149883
1996.43310502 0.14440433213
1996.43310502 0.19512195122
1996.41552511 0.10101010101
1996.41552511 0.148698884758
1996.41552511 0.161290322581
1996.41552511 0.167364016736
1996.40182648 0.287769784173
1996.40182648 0.307692307692
1996.40182648 0.322580645161
1996.40182648 0.227272727273
1996.40182648 0.238095238095
1996.40182648 0.264900662252
1996.40182648 0.357142857143
1996.39908676 1.29032258065
1996.39360731 0.108695652174
1996.39360731 0.132890365449
1996.39360731 0.185185185185
1996.39360731 0.12012012012
1996.39360731 0.20618556701
1996.39360731 0.118694362018
1996.39360731 0.12012012012
1996.39360731 0.117994100295
1996.39360731 0.196078431373
1996.39360731 0.666666666667
1996.3826484 0.243902439024
1996.3826484 0.266666666667
1996.3826484 0.289855072464
1996.3826484 0.181818181818
1996.3826484 0.218579234973
1996.3826484 0.3125
1996.34155251 0.27972027972
1996.34155251 0.277777777778
1996.33493151 1.05263157895
1996.33493151 1.08108108108
1996.33493151 1.14285714286
1996.33493151 1.05263157895
1996.33493151 1.17647058824
1996.32945205 2.85714285714
1996.32945205 2.85714285714
1996.32945205 1.48148148148
1996.32945205 1.66666666667
1996.32945205 1.90476190476
1996.32945205 2.10526315789
1996.32945205 3.07692307692
1996.32945205 2.35294117647
1996.32945205 2.5
1996.32945205 3.07692307692
1996.30479452 0.421052631579
1996.29383562 0.689655172414
1996.29383562 0.851063829787
1996.29383562 0.78431372549
1996.29383562 0.171673819742
1996.28561644 0.25
1996.27739726 0.12539184953
1996.26369863 0.444444444444
1996.26369863 0.78431372549
1996.24611872 0.449438202247
1996.243379 0.1393728223
1996.243379 0.238095238095
1996.243379 0.140845070423
1996.243379 0.138408304498
1996.243379 0.138888888889
1996.243379 0.137931034483
1996.243379 0.138408304498
1996.243379 0.1393728223
1996.243379 0.325203252033
1996.24063927 0.380952380952
1996.16552511 0.248447204969
1996.13538813 0.5
1996.13538813 0.268456375839
1996.13538813 0.157480314961
1996.13538813 0.231213872832
1996.13538813 0.449438202247
1996.12990868 0.240963855422
1996.11073059 0.4
1996.04931507 0.421052631579
1996.01917808 0.39603960396
1996.01643836 0.869565217391
1996.01643836 0.833333333333
1996.00273973 0.184331797235
1995.99885845 0.243902439024
1995.99885845 0.220994475138
1995.99885845 0.004
1995.99885845 0.0379867046534
1995.99885845 0.0075004687793
1995.99885845 0.037488284911
1995.99885845 0.0059880239521
1995.99885845 0.104712041885
1995.97420091 0.188679245283
1995.92488584 0.430107526882
1995.90456621 0.197044334975
1995.90456621 2.35294117647
1995.90456621 1.53846153846
1995.90182648 0.16
1995.84155251 0.322580645161
1995.743379 0.103092783505
1995.70776256 0.392156862745
1995.65456621 0.625
1995.64908676 4.0
1995.64086758 0.296296296296
1995.59703196 0.203045685279
1995.59703196 0.470588235294
1995.59703196 0.330578512397
1995.57123288 0.727272727273
1995.50821918 1.21212121212
1995.50273973 1.17647058824
1995.50273973 0.161943319838
1995.42762557 0.47619047619
1995.42488584 0.377358490566
1995.41004566 0.13698630137
1995.36347032 0.102040816327
1995.36347032 0.120481927711
1995.36347032 0.13698630137
1995.36347032 0.151515151515
1995.36347032 0.162601626016
1995.20228311 0.388349514563
1995.19406393 2.66666666667
1995.19406393 3.07692307692
1995.19406393 3.33333333333
1995.19406393 3.33333333333
1995.18858447 0.357142857143
1995.18858447 0.392156862745
1995.18858447 0.229885057471
1995.18858447 0.268456375839
1995.18858447 0.31007751938
1995.18858447 0.416666666667
1995.16552511 0.727272727273
1995.16552511 0.727272727273
1995.16552511 0.727272727273
1995.16552511 0.727272727273
1995.16552511 0.727272727273
1995.16552511 0.588235294118
1995.16552511 0.588235294118
1995.16552511 0.588235294118
1995.16552511 0.588235294118
1995.16552511 0.588235294118
1995.14908676 0.15625
1995.14908676 0.179372197309
1995.14908676 0.199004975124
1995.14908676 0.212765957447
1995.11621005 2.66666666667
1995.11621005 3.07692307692
1995.11621005 3.07692307692
1995.09429224 3.07692307692
1994.94680365 0.2
1994.94680365 0.285714285714
1994.94680365 0.3125
1994.94680365 0.338983050847
1994.94680365 0.363636363636
1994.94680365 0.366972477064
1994.91004566 0.224719101124
1994.91004566 0.215053763441
1994.77465753 0.165975103734
1994.77465753 0.196078431373
1994.77465753 0.217391304348
1994.77465753 0.168067226891
1994.77465753 0.208333333333
1994.73789954 0.487804878049
1994.67214612 0.634920634921
1994.62442922 1.42857142857
1994.58219178 1.25
1994.55205479 0.555555555556
1994.55205479 0.40404040404
1994.54657534 1.21212121212
1994.54657534 0.78431372549
1994.51643836 3.33333333333
1994.47420091 0.285714285714
1994.47420091 0.32
1994.47420091 0.350877192982
1994.47420091 0.36036036036
1994.45502283 0.208333333333
1994.45502283 0.216216216216
1994.45502283 0.228571428571
1994.32671233 0.20725388601
1994.29109589 0.588235294118
1994.24063927 1.25
1994.13538813 0.220994475138
1994.13538813 0.20725388601
1993.92762557 0.210526315789
1993.91004566 0.533333333333
1993.91004566 0.519480519481
1993.90730594 0.430107526882
1993.90730594 0.239520958084
1993.90730594 0.540540540541
1993.84155251 0.283687943262
1993.78013699 0.350877192982
1993.49063927 1.11111111111
1993.49063927 1.81818181818
1993.49063927 2.0
1993.49063927 1.81818181818
1993.44680365 0.47619047619
1993.42762557 0.952380952381
1993.42762557 0.666666666667
1993.39360731 0.20202020202
1993.39360731 0.333333333333
1993.39086758 0.727272727273
1993.39086758 0.512820512821
1993.39086758 1.25
1993.39086758 0.625
1993.38538813 0.377358490566
1993.38538813 0.597014925373
1993.38538813 0.519480519481
1993.38538813 0.272108843537
1993.38538813 0.239520958084
1993.14634703 0.40404040404
1992.63812785 1.21212121212
1992.63812785 1.29032258065
1992.23515982 0.909090909091
1992.23515982 0.540540540541
1992.23515982 0.285714285714
1992.23515982 0.168776371308
1992.19954338 4.0
1992.17488584 0.487804878049
1992.17488584 0.487804878049
1992.17488584 0.487804878049
1992.17488584 0.555555555556
1992.17488584 0.555555555556
1992.06575342 0.487804878049
1991.95228311 4.0
1991.95228311 4.44444444444
1991.95228311 5.0
1991.95228311 3.33333333333
1991.95228311 5.0
1991.93858447 3.63636363636
1991.93858447 1.81818181818
1991.93584475 0.39603960396
1991.93584475 0.25974025974
1991.93584475 1.0
1991.93584475 0.655737704918
1991.92214612 0.8
1991.92214612 0.421052631579
1991.91278539 0.754716981132
1991.91278539 0.645161290323
1991.91278539 0.888888888889
1991.91278539 0.769230769231
1991.91278539 3.33333333333
1991.91278539 2.10526315789
1991.91278539 3.63636363636
1991.91278539 2.22222222222
1991.84429224 1.21212121212
1991.84429224 1.6
1991.84429224 0.701754385965
1991.84429224 1.66666666667
1991.84429224 1.17647058824
1991.84429224 1.42857142857
1991.84429224 0.714285714286
1991.84429224 0.254777070064
1991.84429224 0.19801980198
1991.84429224 2.85714285714
1991.84429224 1.42857142857
1991.84429224 1.48148148148
1991.84429224 0.325203252033
1991.84429224 0.178571428571
1991.84155251 1.08108108108
1991.84155251 1.17647058824
1991.84155251 5.71428571429
1991.84155251 1.14285714286
1991.84155251 1.37931034483
1991.84155251 5.71428571429
1991.83881279 1.42857142857
1991.83881279 3.63636363636
1991.83881279 1.81818181818
1991.83881279 1.6
1991.83881279 1.11111111111
1991.83881279 1.17647058824
1991.83607306 0.333333333333
1991.83607306 0.258064516129
1991.83607306 0.421052631579
1991.83607306 0.30303030303
1991.83607306 0.373831775701
1991.83607306 0.300751879699
1991.83607306 5.0
1991.83607306 0.261437908497
1991.83607306 0.266666666667
1991.83607306 5.0
1991.83219178 0.909090909091
1991.83219178 0.327868852459
1991.83219178 0.20725388601
1991.83219178 0.37037037037
1991.83219178 0.245398773006
1991.83219178 1.0
1991.83219178 1.48148148148
1991.83219178 0.869565217391
1991.83219178 0.625
1991.83219178 0.597014925373
1991.83219178 0.952380952381
1991.83219178 0.78431372549
1991.83219178 1.14285714286
1991.83219178 0.597014925373
1991.83219178 1.14285714286
1991.83219178 0.597014925373
1991.83219178 0.754716981132
1991.83219178 0.5
1991.83219178 5.0
